;1,49,75,5,51,3,76,43,38,68,31,47,2,77;
;66,2,49,43,1,43,5,44,6,58,1,69,5,70,12;
;66,2,49,43,4,76,51,8,60,56,7,66,49,67,5,70,3,75;
;46,7,58,60,4,70,1,51,31,70,68,44,2,76,70,5,75,3;
;66,2,49,75,7,70,51,32,56,7,66,51,38,47,6,77,49,1,70,66,7;
;51,4,56,1,75,2,43,6,58,1,45,1,74,2,44,6,77;
;66,32,48,13,75,2,66,49,43,4,77,49,2,55,53,21,50,10,66,4,77;
;50,45,5,68,3,70,4,43,1,68,2,44,47,3,51,4,70,4,75;
;51,8,75,1,70,43,2,68,3,49,66,7,66,2,66,44,3;
;71,44,1,66,7,51,20,66,3,43,1,49,49,1,70,66,7;
;53,44,5,75,6,65,4,76,71,44,1,66,70,5,70,6,75;
;66,32,48,6,76,56,4,70,66,1,44,70,7,46,4,49,8,70,6,75;
;71,44,1,43,13,60,58,4,70,5,70,6,76,43,1,70,66,44,5,65,9;
;71,44,1,66,70,5,70,9;
